0       0.451102
1       0.458542
2       0.150316
3       0.262006
4       0.584073
          ...   
1695    0.223493
1696    0.340160
1697    0.177209
1698    0.488553
1699    0.442796

0       0.576995
1       0.541939
2       0.234810
3       0.460771
4       0.619695
          ...   
1695    0.477130
1696    0.489925
1697    0.185943
1698    0.547756
1699    0.529874

threshold:  0.5
Actual       0    1
Predicted          
False      449  144
True       401  706
accuracy: 0.6794117647058824


CLS:
threshold:  0.5
Actual       0    1
Predicted          
False      438   97
True       412  753
accuracy: 0.7005882352941176