threshold:  0.5000000000000001
Actual       0    1
Predicted          
False      614  383
True       236  467
accuracy: 0.6358823529411765

0       0.421417
1       0.689480
2       0.487884
3       0.558917
4       0.769040
          ...   
1695    0.367070
1696    0.406358
1697    0.188887
1698    0.626431
1699    0.443698

0       0.576995
1       0.541939
2       0.234810
3       0.460771
4       0.619695
          ...   
1695    0.477130
1696    0.489925
1697    0.185943
1698    0.547756
1699    0.529874